[gd_scene load_steps=11 format=2]

[ext_resource path="res://Scenes/Root.gd" type="Script" id=1]
[ext_resource path="res://Scenes/FruitWorld.gd" type="Script" id=2]
[ext_resource path="res://Entities/ExitPortal.tscn" type="PackedScene" id=3]
[ext_resource path="res://Scenes/BlenderScene.tscn" type="PackedScene" id=4]

[sub_resource type="CubeMesh" id=1]

[sub_resource type="SpatialMaterial" id=2]
vertex_color_use_as_albedo = true
albedo_color = Color( 0.207843, 0.85098, 0, 1 )

[sub_resource type="DynamicFontData" id=3]
font_path = "res://Fonts/Palette-regular.otf"

[sub_resource type="DynamicFont" id=4]
size = 72
outline_size = 2
outline_color = Color( 0, 0, 0, 1 )
font_data = SubResource( 3 )

[sub_resource type="StyleBoxFlat" id=5]
bg_color = Color( 0.137255, 0.137255, 0.137255, 0.113725 )
border_width_left = 2
border_width_top = 2
border_width_right = 2
border_width_bottom = 2
border_color = Color( 0, 0, 0, 1 )
corner_radius_top_left = 2
corner_radius_top_right = 2
corner_radius_bottom_right = 2
corner_radius_bottom_left = 2

[sub_resource type="World" id=6]

[node name="World" type="Spatial"]
script = ExtResource( 2 )

[node name="Camera" type="Camera" parent="."]
transform = Transform( 1, 0, 0, 0, -1.62921e-07, -1, 0, 1, -1.62921e-07, 0, 10, -50 )
current = true
near = 0.01
far = 8192.0

[node name="Root" type="Spatial" parent="."]
script = ExtResource( 1 )

[node name="MeshInstance" type="MeshInstance" parent="Root"]
transform = Transform( 0.5, 0, 0, 0, 0.5, 0, 0, 0, 0.5, 0, 0, 0 )
visible = false
mesh = SubResource( 1 )
material/0 = SubResource( 2 )

[node name="Rope" type="MeshInstance" parent="Root"]

[node name="PortalExit" parent="Root" instance=ExtResource( 3 )]
visible = false

[node name="HighPoint" type="Spatial" parent="Root"]
transform = Transform( 1, 0, 0, 0, 0.422618, 0.906308, 0, -0.906308, 0.422618, 0, 50, 0 )

[node name="DirectionalLight" type="DirectionalLight" parent="."]
transform = Transform( -1.62921e-07, 0.707107, -0.707107, 0, 0.707107, 0.707107, 1, 1.15202e-07, -1.15202e-07, 3.9027, 25.8484, 7.33517 )
shadow_enabled = true

[node name="DirectionalLight2" type="DirectionalLight" parent="."]
transform = Transform( -1.62921e-07, 0.707107, 0.707107, 0, 0.707107, -0.707107, -1, -1.15202e-07, -1.15202e-07, 3.9027, 25.8484, 7.33517 )
visible = false
shadow_enabled = true

[node name="ObjectiveSuccess" type="Label" parent="."]
visible = false
show_behind_parent = true
use_parent_material = true
anchor_left = 0.5
anchor_top = 0.5
anchor_right = 0.5
anchor_bottom = 0.5
margin_left = -327.0
margin_top = -37.5
margin_right = 327.0
margin_bottom = 37.5
custom_fonts/font = SubResource( 4 )
custom_colors/font_color = Color( 1, 0.117647, 0, 1 )
custom_colors/font_color_shadow = Color( 1, 1, 1, 1 )
text = "mission accomplished"
align = 1
__meta__ = {
"_edit_use_anchors_": false
}

[node name="ObjectiveEnd" type="Panel" parent="."]
visible = false
anchor_left = 0.5
anchor_top = 0.5
anchor_right = 0.5
anchor_bottom = 0.5
margin_left = -400.0
margin_top = -250.0
margin_right = 400.0
margin_bottom = 250.0
custom_styles/panel = SubResource( 5 )
__meta__ = {
"_edit_use_anchors_": false
}

[node name="BlenderRect" type="TextureRect" parent="ObjectiveEnd"]
anchor_left = 0.5
anchor_top = 0.5
anchor_right = 0.5
anchor_bottom = 0.5
margin_left = -400.0
margin_top = -250.0
margin_right = 400.0
margin_bottom = 250.0
rect_min_size = Vector2( 800, 500 )
__meta__ = {
"_edit_use_anchors_": false
}

[node name="Viewport" type="Viewport" parent="."]
size = Vector2( 800, 500 )
own_world = true
world = SubResource( 6 )
render_target_v_flip = true

[node name="Blender" parent="Viewport" instance=ExtResource( 4 )]
